&parallelization
n_procs_s =   2
n_procs_v =   4
n_procs_w =   8
n_procs_x =   1
n_procs_y =   1
n_procs_z =   1
n_procs_sim =     64
/

&box
n_spec =    2
nx0    =  192
nky0   =    2
nz0    =   16
nv0    =   32
nw0    =    8

kymin =    6.3600000    
lv    =   3.00000    
lw    =   9.00000    
lx    =   5.07202    
nexc  = 27
adapt_lx = F
/

&in_out
diagdir = './/'

read_checkpoint  = F
write_checkpoint = T

istep_field  =     100
istep_mom    =     400
istep_nrg    =      10
istep_vsp    =     500
istep_schpt  =    5000
istep_energy =     100

write_std = T
/

&general
nonlinear =   T
comp_type = 'IV'
perf_vec  =  1 1 1 1 1 1 1 1 1
nblocks   =       8
hypz_compensation =   F

timescheme = 'RK4'
dt_max     =   0.8010E-03
courant    =     1.25

timelim    =       3500
ntimesteps =    1000000
simtimelim =   0.1000E+05

beta       =   0.10000000E-03
debye2     =    0.0000000    
collision_op = 'none'

init_cond = 'ppj'
init_aux_amp =   0.10000000E-04

hyp_z =    2.000    
hyp_v =   0.2000    

/

&geometry
magn_geometry = 'circular'
q0       =    1.4100000    
shat     =   0.83700000    
trpeps   =   0.18000000    
major_R  =    1.0000000    
dpdx_term= 'gradB_eq_curv'
dpdx_pm  =    0.0000000    
norm_flux_projection  = F
sign_Ip_CW =       1
sign_Bt_CW =       1
/

&species
name   = 'ions'
omn    =    2.2200000    
omt    =    0.0000000    

mass   =    1.0000000    
temp   =    1.0000000    
dens   =    1.0000000    
charge =  1
/

&species
name   = 'electrons'
omn    =    2.2200000    
omt    =    6.9600000    

mass   =   0.55556000E-03
temp   =    1.0000000    
dens   =    1.0000000    
charge = -1
/

&info
step_time  =     0.4118
number of computed time steps =    8107
time for initial value solver =   3338.067
calc_dt = T
nltdt_off = F
init_time =   144.3345
n_fields = 2
n_moms   =  6
nrgcols  = 10
lx =   5.07202    
ly =  0.987922    
PRECISION  = DOUBLE
ENDIANNESS = LITTLE
OMP_NUM_THREADS =   1
GIT_BRANCH = 99cb2288a6551c5603747aa82515c8dd8044d664                    
RELEASE = 1.8 - patch 1
/

&units
/

