&parallelization
n_procs_s =   -1
n_procs_v =   -1
n_procs_w =   -1
n_procs_x =   -1
n_procs_y =   -1
n_procs_z =   -1
n_procs_sim = -1
/

!n_parallel_sims = 1
!n_procs_sim = 1

&box
n_spec =    3
nx0    =   96
nky0   =   16
nz0    =   16
nv0    =   32
nw0    =    8

kymin =   0.50000000E-01
lv    =   3.00000    
lw    =   9.00000    
lx    =   125.628    
/

&in_out
diagdir = './/'

read_checkpoint  = F
write_checkpoint = T

istep_field  =     100
istep_mom    =     400
istep_nrg    =      10
istep_vsp    =     500
istep_schpt  =    5000
istep_energy =     100

write_std = T
/

&general
nonlinear =   T
comp_type = 'IV'
!perf_vec  =  1 2 1 1 1 1 2 1 2
calc_dt = .t.

timelim    =      14300
ntimesteps =    1000000
simtimelim =   0.1000E+05

beta       =    .1E-3    
debye2     =    0.0000000    
collision_op = 'none'

init_cond = 'ppj'

hyp_z =    2.000    
hyp_v =   0.2000    

/

&geometry
magn_geometry = 'circular'
q0       =    1.4100000    
shat     =   0.83700000    
trpeps   =   0.18000000    
major_R  =    1.0000000    
sign_Ip_CW =       1
sign_Bt_CW =       1
/

&species
name   = 'ions'
omn    =    2.2538071   
omt    =    6.9600000    

mass   =    1.0000000    
temp   =    1.0000000    
dens   =    0.9850000    
charge =  1
/

&species
name   = 'electrons'
omn    =    2.2200000    
omt    =    0.0000000    

mass   =    0.54462000E-03
temp   =    1.0000000    
dens   =    1.0000000    
charge = -1
/

&species
name = 'argon'
omn  = 0
omt  = 0

mass = 39.948
temp = 0.1
dens = 0.001
charge = 15
/

&units
/

